Iteration 1:-109:None:None

32.0 28.0 62.0 86.0 118.0
80.0 88.0 4.0 5.0 77.0
75.0 23.0 55.0 2.0 14.0
16.0 114.0 84.0 82.0 94.0
90.0 37.0 71.0 109.0 107.0

81.0 120.0 110.0 27.0 18.0
61.0 54.0 66.0 35.0 113.0
98.0 30.0 34.0 10.0 89.0
53.0 26.0 24.0 6.0 21.0
78.0 41.0 22.0 104.0 42.0

57.0 45.0 15.0 122.0 33.0
100.0 56.0 39.0 44.0 64.0
76.0 20.0 68.0 49.0 9.0
43.0 65.0 108.0 59.0 50.0
63.0 36.0 102.0 91.0 3.0

60.0 123.0 52.0 97.0 105.0
119.0 48.0 38.0 69.0 106.0
95.0 13.0 8.0 7.0 25.0
72.0 70.0 51.0 83.0 67.0
111.0 74.0 116.0 12.0 58.0

87.0 11.0 96.0 93.0 19.0
46.0 125.0 79.0 1.0 31.0
92.0 101.0 121.0 117.0 47.0
40.0 124.0 112.0 17.0 99.0
73.0 85.0 115.0 103.0 29.0


Iteration 2:-107:1-1-4:2-2-1

32.0 28.0 62.0 86.0 118.0
80.0 88.0 4.0 5.0 77.0
75.0 23.0 55.0 2.0 14.0
16.0 114.0 84.0 82.0 94.0
90.0 37.0 71.0 109.0 107.0

81.0 120.0 110.0 27.0 18.0
61.0 54.0 66.0 35.0 20.0
98.0 30.0 34.0 10.0 89.0
53.0 26.0 24.0 6.0 21.0
78.0 41.0 22.0 104.0 42.0

57.0 45.0 15.0 122.0 33.0
100.0 56.0 39.0 44.0 64.0
76.0 113.0 68.0 49.0 9.0
43.0 65.0 108.0 59.0 50.0
63.0 36.0 102.0 91.0 3.0

60.0 123.0 52.0 97.0 105.0
119.0 48.0 38.0 69.0 106.0
95.0 13.0 8.0 7.0 25.0
72.0 70.0 51.0 83.0 67.0
111.0 74.0 116.0 12.0 58.0

87.0 11.0 96.0 93.0 19.0
46.0 125.0 79.0 1.0 31.0
92.0 101.0 121.0 117.0 47.0
40.0 124.0 112.0 17.0 99.0
73.0 85.0 115.0 103.0 29.0


Iteration 3:-105:1-4-4:3-3-1

32.0 28.0 62.0 86.0 118.0
80.0 88.0 4.0 5.0 77.0
75.0 23.0 55.0 2.0 14.0
16.0 114.0 84.0 82.0 94.0
90.0 37.0 71.0 109.0 107.0

81.0 120.0 110.0 27.0 18.0
61.0 54.0 66.0 35.0 20.0
98.0 30.0 34.0 10.0 89.0
53.0 26.0 24.0 6.0 21.0
78.0 41.0 22.0 104.0 70.0

57.0 45.0 15.0 122.0 33.0
100.0 56.0 39.0 44.0 64.0
76.0 113.0 68.0 49.0 9.0
43.0 65.0 108.0 59.0 50.0
63.0 36.0 102.0 91.0 3.0

60.0 123.0 52.0 97.0 105.0
119.0 48.0 38.0 69.0 106.0
95.0 13.0 8.0 7.0 25.0
72.0 42.0 51.0 83.0 67.0
111.0 74.0 116.0 12.0 58.0

87.0 11.0 96.0 93.0 19.0
46.0 125.0 79.0 1.0 31.0
92.0 101.0 121.0 117.0 47.0
40.0 124.0 112.0 17.0 99.0
73.0 85.0 115.0 103.0 29.0


Iteration 4:-103:2-3-2:2-4-3

32.0 28.0 62.0 86.0 118.0
80.0 88.0 4.0 5.0 77.0
75.0 23.0 55.0 2.0 14.0
16.0 114.0 84.0 82.0 94.0
90.0 37.0 71.0 109.0 107.0

81.0 120.0 110.0 27.0 18.0
61.0 54.0 66.0 35.0 20.0
98.0 30.0 34.0 10.0 89.0
53.0 26.0 24.0 6.0 21.0
78.0 41.0 22.0 104.0 70.0

57.0 45.0 15.0 122.0 33.0
100.0 56.0 39.0 44.0 64.0
76.0 113.0 68.0 49.0 9.0
43.0 65.0 91.0 59.0 50.0
63.0 36.0 102.0 108.0 3.0

60.0 123.0 52.0 97.0 105.0
119.0 48.0 38.0 69.0 106.0
95.0 13.0 8.0 7.0 25.0
72.0 42.0 51.0 83.0 67.0
111.0 74.0 116.0 12.0 58.0

87.0 11.0 96.0 93.0 19.0
46.0 125.0 79.0 1.0 31.0
92.0 101.0 121.0 117.0 47.0
40.0 124.0 112.0 17.0 99.0
73.0 85.0 115.0 103.0 29.0


Iteration 5:-101:2-3-4:4-4-0

32.0 28.0 62.0 86.0 118.0
80.0 88.0 4.0 5.0 77.0
75.0 23.0 55.0 2.0 14.0
16.0 114.0 84.0 82.0 94.0
90.0 37.0 71.0 109.0 107.0

81.0 120.0 110.0 27.0 18.0
61.0 54.0 66.0 35.0 20.0
98.0 30.0 34.0 10.0 89.0
53.0 26.0 24.0 6.0 21.0
78.0 41.0 22.0 104.0 70.0

57.0 45.0 15.0 122.0 33.0
100.0 56.0 39.0 44.0 64.0
76.0 113.0 68.0 49.0 9.0
43.0 65.0 91.0 59.0 73.0
63.0 36.0 102.0 108.0 3.0

60.0 123.0 52.0 97.0 105.0
119.0 48.0 38.0 69.0 106.0
95.0 13.0 8.0 7.0 25.0
72.0 42.0 51.0 83.0 67.0
111.0 74.0 116.0 12.0 58.0

87.0 11.0 96.0 93.0 19.0
46.0 125.0 79.0 1.0 31.0
92.0 101.0 121.0 117.0 47.0
40.0 124.0 112.0 17.0 99.0
50.0 85.0 115.0 103.0 29.0


Iteration 6:-99:0-2-2:0-3-4

32.0 28.0 62.0 86.0 118.0
80.0 88.0 4.0 5.0 77.0
75.0 23.0 94.0 2.0 14.0
16.0 114.0 84.0 82.0 55.0
90.0 37.0 71.0 109.0 107.0

81.0 120.0 110.0 27.0 18.0
61.0 54.0 66.0 35.0 20.0
98.0 30.0 34.0 10.0 89.0
53.0 26.0 24.0 6.0 21.0
78.0 41.0 22.0 104.0 70.0

57.0 45.0 15.0 122.0 33.0
100.0 56.0 39.0 44.0 64.0
76.0 113.0 68.0 49.0 9.0
43.0 65.0 91.0 59.0 73.0
63.0 36.0 102.0 108.0 3.0

60.0 123.0 52.0 97.0 105.0
119.0 48.0 38.0 69.0 106.0
95.0 13.0 8.0 7.0 25.0
72.0 42.0 51.0 83.0 67.0
111.0 74.0 116.0 12.0 58.0

87.0 11.0 96.0 93.0 19.0
46.0 125.0 79.0 1.0 31.0
92.0 101.0 121.0 117.0 47.0
40.0 124.0 112.0 17.0 99.0
50.0 85.0 115.0 103.0 29.0


Iteration 7:-98:0-0-0:0-1-1

88.0 28.0 62.0 86.0 118.0
80.0 32.0 4.0 5.0 77.0
75.0 23.0 94.0 2.0 14.0
16.0 114.0 84.0 82.0 55.0
90.0 37.0 71.0 109.0 107.0

81.0 120.0 110.0 27.0 18.0
61.0 54.0 66.0 35.0 20.0
98.0 30.0 34.0 10.0 89.0
53.0 26.0 24.0 6.0 21.0
78.0 41.0 22.0 104.0 70.0

57.0 45.0 15.0 122.0 33.0
100.0 56.0 39.0 44.0 64.0
76.0 113.0 68.0 49.0 9.0
43.0 65.0 91.0 59.0 73.0
63.0 36.0 102.0 108.0 3.0

60.0 123.0 52.0 97.0 105.0
119.0 48.0 38.0 69.0 106.0
95.0 13.0 8.0 7.0 25.0
72.0 42.0 51.0 83.0 67.0
111.0 74.0 116.0 12.0 58.0

87.0 11.0 96.0 93.0 19.0
46.0 125.0 79.0 1.0 31.0
92.0 101.0 121.0 117.0 47.0
40.0 124.0 112.0 17.0 99.0
50.0 85.0 115.0 103.0 29.0


Iteration 8:-97:0-0-0:1-0-0

81.0 28.0 62.0 86.0 118.0
80.0 32.0 4.0 5.0 77.0
75.0 23.0 94.0 2.0 14.0
16.0 114.0 84.0 82.0 55.0
90.0 37.0 71.0 109.0 107.0

88.0 120.0 110.0 27.0 18.0
61.0 54.0 66.0 35.0 20.0
98.0 30.0 34.0 10.0 89.0
53.0 26.0 24.0 6.0 21.0
78.0 41.0 22.0 104.0 70.0

57.0 45.0 15.0 122.0 33.0
100.0 56.0 39.0 44.0 64.0
76.0 113.0 68.0 49.0 9.0
43.0 65.0 91.0 59.0 73.0
63.0 36.0 102.0 108.0 3.0

60.0 123.0 52.0 97.0 105.0
119.0 48.0 38.0 69.0 106.0
95.0 13.0 8.0 7.0 25.0
72.0 42.0 51.0 83.0 67.0
111.0 74.0 116.0 12.0 58.0

87.0 11.0 96.0 93.0 19.0
46.0 125.0 79.0 1.0 31.0
92.0 101.0 121.0 117.0 47.0
40.0 124.0 112.0 17.0 99.0
50.0 85.0 115.0 103.0 29.0


Iteration 9:-96:0-0-0:2-1-4

64.0 28.0 62.0 86.0 118.0
80.0 32.0 4.0 5.0 77.0
75.0 23.0 94.0 2.0 14.0
16.0 114.0 84.0 82.0 55.0
90.0 37.0 71.0 109.0 107.0

88.0 120.0 110.0 27.0 18.0
61.0 54.0 66.0 35.0 20.0
98.0 30.0 34.0 10.0 89.0
53.0 26.0 24.0 6.0 21.0
78.0 41.0 22.0 104.0 70.0

57.0 45.0 15.0 122.0 33.0
100.0 56.0 39.0 44.0 81.0
76.0 113.0 68.0 49.0 9.0
43.0 65.0 91.0 59.0 73.0
63.0 36.0 102.0 108.0 3.0

60.0 123.0 52.0 97.0 105.0
119.0 48.0 38.0 69.0 106.0
95.0 13.0 8.0 7.0 25.0
72.0 42.0 51.0 83.0 67.0
111.0 74.0 116.0 12.0 58.0

87.0 11.0 96.0 93.0 19.0
46.0 125.0 79.0 1.0 31.0
92.0 101.0 121.0 117.0 47.0
40.0 124.0 112.0 17.0 99.0
50.0 85.0 115.0 103.0 29.0


Iteration 10:-95:0-0-1:0-4-3

64.0 109.0 62.0 86.0 118.0
80.0 32.0 4.0 5.0 77.0
75.0 23.0 94.0 2.0 14.0
16.0 114.0 84.0 82.0 55.0
90.0 37.0 71.0 28.0 107.0

88.0 120.0 110.0 27.0 18.0
61.0 54.0 66.0 35.0 20.0
98.0 30.0 34.0 10.0 89.0
53.0 26.0 24.0 6.0 21.0
78.0 41.0 22.0 104.0 70.0

57.0 45.0 15.0 122.0 33.0
100.0 56.0 39.0 44.0 81.0
76.0 113.0 68.0 49.0 9.0
43.0 65.0 91.0 59.0 73.0
63.0 36.0 102.0 108.0 3.0

60.0 123.0 52.0 97.0 105.0
119.0 48.0 38.0 69.0 106.0
95.0 13.0 8.0 7.0 25.0
72.0 42.0 51.0 83.0 67.0
111.0 74.0 116.0 12.0 58.0

87.0 11.0 96.0 93.0 19.0
46.0 125.0 79.0 1.0 31.0
92.0 101.0 121.0 117.0 47.0
40.0 124.0 112.0 17.0 99.0
50.0 85.0 115.0 103.0 29.0


Iteration 11:-94:0-0-3:2-1-3

64.0 109.0 62.0 44.0 118.0
80.0 32.0 4.0 5.0 77.0
75.0 23.0 94.0 2.0 14.0
16.0 114.0 84.0 82.0 55.0
90.0 37.0 71.0 28.0 107.0

88.0 120.0 110.0 27.0 18.0
61.0 54.0 66.0 35.0 20.0
98.0 30.0 34.0 10.0 89.0
53.0 26.0 24.0 6.0 21.0
78.0 41.0 22.0 104.0 70.0

57.0 45.0 15.0 122.0 33.0
100.0 56.0 39.0 86.0 81.0
76.0 113.0 68.0 49.0 9.0
43.0 65.0 91.0 59.0 73.0
63.0 36.0 102.0 108.0 3.0

60.0 123.0 52.0 97.0 105.0
119.0 48.0 38.0 69.0 106.0
95.0 13.0 8.0 7.0 25.0
72.0 42.0 51.0 83.0 67.0
111.0 74.0 116.0 12.0 58.0

87.0 11.0 96.0 93.0 19.0
46.0 125.0 79.0 1.0 31.0
92.0 101.0 121.0 117.0 47.0
40.0 124.0 112.0 17.0 99.0
50.0 85.0 115.0 103.0 29.0


Iteration 12:-93:0-0-4:1-2-1

64.0 109.0 62.0 44.0 30.0
80.0 32.0 4.0 5.0 77.0
75.0 23.0 94.0 2.0 14.0
16.0 114.0 84.0 82.0 55.0
90.0 37.0 71.0 28.0 107.0

88.0 120.0 110.0 27.0 18.0
61.0 54.0 66.0 35.0 20.0
98.0 118.0 34.0 10.0 89.0
53.0 26.0 24.0 6.0 21.0
78.0 41.0 22.0 104.0 70.0

57.0 45.0 15.0 122.0 33.0
100.0 56.0 39.0 86.0 81.0
76.0 113.0 68.0 49.0 9.0
43.0 65.0 91.0 59.0 73.0
63.0 36.0 102.0 108.0 3.0

60.0 123.0 52.0 97.0 105.0
119.0 48.0 38.0 69.0 106.0
95.0 13.0 8.0 7.0 25.0
72.0 42.0 51.0 83.0 67.0
111.0 74.0 116.0 12.0 58.0

87.0 11.0 96.0 93.0 19.0
46.0 125.0 79.0 1.0 31.0
92.0 101.0 121.0 117.0 47.0
40.0 124.0 112.0 17.0 99.0
50.0 85.0 115.0 103.0 29.0


Iteration 13:-92:0-0-4:3-0-1

64.0 109.0 62.0 44.0 123.0
80.0 32.0 4.0 5.0 77.0
75.0 23.0 94.0 2.0 14.0
16.0 114.0 84.0 82.0 55.0
90.0 37.0 71.0 28.0 107.0

88.0 120.0 110.0 27.0 18.0
61.0 54.0 66.0 35.0 20.0
98.0 118.0 34.0 10.0 89.0
53.0 26.0 24.0 6.0 21.0
78.0 41.0 22.0 104.0 70.0

57.0 45.0 15.0 122.0 33.0
100.0 56.0 39.0 86.0 81.0
76.0 113.0 68.0 49.0 9.0
43.0 65.0 91.0 59.0 73.0
63.0 36.0 102.0 108.0 3.0

60.0 30.0 52.0 97.0 105.0
119.0 48.0 38.0 69.0 106.0
95.0 13.0 8.0 7.0 25.0
72.0 42.0 51.0 83.0 67.0
111.0 74.0 116.0 12.0 58.0

87.0 11.0 96.0 93.0 19.0
46.0 125.0 79.0 1.0 31.0
92.0 101.0 121.0 117.0 47.0
40.0 124.0 112.0 17.0 99.0
50.0 85.0 115.0 103.0 29.0


Iteration 14:-91:0-0-4:3-4-3

64.0 109.0 62.0 44.0 12.0
80.0 32.0 4.0 5.0 77.0
75.0 23.0 94.0 2.0 14.0
16.0 114.0 84.0 82.0 55.0
90.0 37.0 71.0 28.0 107.0

88.0 120.0 110.0 27.0 18.0
61.0 54.0 66.0 35.0 20.0
98.0 118.0 34.0 10.0 89.0
53.0 26.0 24.0 6.0 21.0
78.0 41.0 22.0 104.0 70.0

57.0 45.0 15.0 122.0 33.0
100.0 56.0 39.0 86.0 81.0
76.0 113.0 68.0 49.0 9.0
43.0 65.0 91.0 59.0 73.0
63.0 36.0 102.0 108.0 3.0

60.0 30.0 52.0 97.0 105.0
119.0 48.0 38.0 69.0 106.0
95.0 13.0 8.0 7.0 25.0
72.0 42.0 51.0 83.0 67.0
111.0 74.0 116.0 123.0 58.0

87.0 11.0 96.0 93.0 19.0
46.0 125.0 79.0 1.0 31.0
92.0 101.0 121.0 117.0 47.0
40.0 124.0 112.0 17.0 99.0
50.0 85.0 115.0 103.0 29.0


Iteration 15:-90:0-1-0:2-0-3

64.0 109.0 62.0 44.0 12.0
122.0 32.0 4.0 5.0 77.0
75.0 23.0 94.0 2.0 14.0
16.0 114.0 84.0 82.0 55.0
90.0 37.0 71.0 28.0 107.0

88.0 120.0 110.0 27.0 18.0
61.0 54.0 66.0 35.0 20.0
98.0 118.0 34.0 10.0 89.0
53.0 26.0 24.0 6.0 21.0
78.0 41.0 22.0 104.0 70.0

57.0 45.0 15.0 80.0 33.0
100.0 56.0 39.0 86.0 81.0
76.0 113.0 68.0 49.0 9.0
43.0 65.0 91.0 59.0 73.0
63.0 36.0 102.0 108.0 3.0

60.0 30.0 52.0 97.0 105.0
119.0 48.0 38.0 69.0 106.0
95.0 13.0 8.0 7.0 25.0
72.0 42.0 51.0 83.0 67.0
111.0 74.0 116.0 123.0 58.0

87.0 11.0 96.0 93.0 19.0
46.0 125.0 79.0 1.0 31.0
92.0 101.0 121.0 117.0 47.0
40.0 124.0 112.0 17.0 99.0
50.0 85.0 115.0 103.0 29.0


Iteration 16:-89:0-0-3:1-0-4

64.0 109.0 62.0 18.0 12.0
122.0 32.0 4.0 5.0 77.0
75.0 23.0 94.0 2.0 14.0
16.0 114.0 84.0 82.0 55.0
90.0 37.0 71.0 28.0 107.0

88.0 120.0 110.0 27.0 44.0
61.0 54.0 66.0 35.0 20.0
98.0 118.0 34.0 10.0 89.0
53.0 26.0 24.0 6.0 21.0
78.0 41.0 22.0 104.0 70.0

57.0 45.0 15.0 80.0 33.0
100.0 56.0 39.0 86.0 81.0
76.0 113.0 68.0 49.0 9.0
43.0 65.0 91.0 59.0 73.0
63.0 36.0 102.0 108.0 3.0

60.0 30.0 52.0 97.0 105.0
119.0 48.0 38.0 69.0 106.0
95.0 13.0 8.0 7.0 25.0
72.0 42.0 51.0 83.0 67.0
111.0 74.0 116.0 123.0 58.0

87.0 11.0 96.0 93.0 19.0
46.0 125.0 79.0 1.0 31.0
92.0 101.0 121.0 117.0 47.0
40.0 124.0 112.0 17.0 99.0
50.0 85.0 115.0 103.0 29.0


Iteration 17:-88:0-2-4:1-0-0

64.0 109.0 62.0 18.0 12.0
122.0 32.0 4.0 5.0 77.0
75.0 23.0 94.0 2.0 88.0
16.0 114.0 84.0 82.0 55.0
90.0 37.0 71.0 28.0 107.0

14.0 120.0 110.0 27.0 44.0
61.0 54.0 66.0 35.0 20.0
98.0 118.0 34.0 10.0 89.0
53.0 26.0 24.0 6.0 21.0
78.0 41.0 22.0 104.0 70.0

57.0 45.0 15.0 80.0 33.0
100.0 56.0 39.0 86.0 81.0
76.0 113.0 68.0 49.0 9.0
43.0 65.0 91.0 59.0 73.0
63.0 36.0 102.0 108.0 3.0

60.0 30.0 52.0 97.0 105.0
119.0 48.0 38.0 69.0 106.0
95.0 13.0 8.0 7.0 25.0
72.0 42.0 51.0 83.0 67.0
111.0 74.0 116.0 123.0 58.0

87.0 11.0 96.0 93.0 19.0
46.0 125.0 79.0 1.0 31.0
92.0 101.0 121.0 117.0 47.0
40.0 124.0 112.0 17.0 99.0
50.0 85.0 115.0 103.0 29.0


Iteration 18:-87:0-2-3:1-1-3

64.0 109.0 62.0 18.0 12.0
122.0 32.0 4.0 5.0 77.0
75.0 23.0 94.0 35.0 88.0
16.0 114.0 84.0 82.0 55.0
90.0 37.0 71.0 28.0 107.0

14.0 120.0 110.0 27.0 44.0
61.0 54.0 66.0 2.0 20.0
98.0 118.0 34.0 10.0 89.0
53.0 26.0 24.0 6.0 21.0
78.0 41.0 22.0 104.0 70.0

57.0 45.0 15.0 80.0 33.0
100.0 56.0 39.0 86.0 81.0
76.0 113.0 68.0 49.0 9.0
43.0 65.0 91.0 59.0 73.0
63.0 36.0 102.0 108.0 3.0

60.0 30.0 52.0 97.0 105.0
119.0 48.0 38.0 69.0 106.0
95.0 13.0 8.0 7.0 25.0
72.0 42.0 51.0 83.0 67.0
111.0 74.0 116.0 123.0 58.0

87.0 11.0 96.0 93.0 19.0
46.0 125.0 79.0 1.0 31.0
92.0 101.0 121.0 117.0 47.0
40.0 124.0 112.0 17.0 99.0
50.0 85.0 115.0 103.0 29.0


Iteration 19:-86:0-3-3:3-2-4

64.0 109.0 62.0 18.0 12.0
122.0 32.0 4.0 5.0 77.0
75.0 23.0 94.0 35.0 88.0
16.0 114.0 84.0 25.0 55.0
90.0 37.0 71.0 28.0 107.0

14.0 120.0 110.0 27.0 44.0
61.0 54.0 66.0 2.0 20.0
98.0 118.0 34.0 10.0 89.0
53.0 26.0 24.0 6.0 21.0
78.0 41.0 22.0 104.0 70.0

57.0 45.0 15.0 80.0 33.0
100.0 56.0 39.0 86.0 81.0
76.0 113.0 68.0 49.0 9.0
43.0 65.0 91.0 59.0 73.0
63.0 36.0 102.0 108.0 3.0

60.0 30.0 52.0 97.0 105.0
119.0 48.0 38.0 69.0 106.0
95.0 13.0 8.0 7.0 82.0
72.0 42.0 51.0 83.0 67.0
111.0 74.0 116.0 123.0 58.0

87.0 11.0 96.0 93.0 19.0
46.0 125.0 79.0 1.0 31.0
92.0 101.0 121.0 117.0 47.0
40.0 124.0 112.0 17.0 99.0
50.0 85.0 115.0 103.0 29.0


Iteration 20:-84:1-1-3:3-0-4

64.0 109.0 62.0 18.0 12.0
122.0 32.0 4.0 5.0 77.0
75.0 23.0 94.0 35.0 88.0
16.0 114.0 84.0 25.0 55.0
90.0 37.0 71.0 28.0 107.0

14.0 120.0 110.0 27.0 44.0
61.0 54.0 66.0 105.0 20.0
98.0 118.0 34.0 10.0 89.0
53.0 26.0 24.0 6.0 21.0
78.0 41.0 22.0 104.0 70.0

57.0 45.0 15.0 80.0 33.0
100.0 56.0 39.0 86.0 81.0
76.0 113.0 68.0 49.0 9.0
43.0 65.0 91.0 59.0 73.0
63.0 36.0 102.0 108.0 3.0

60.0 30.0 52.0 97.0 2.0
119.0 48.0 38.0 69.0 106.0
95.0 13.0 8.0 7.0 82.0
72.0 42.0 51.0 83.0 67.0
111.0 74.0 116.0 123.0 58.0

87.0 11.0 96.0 93.0 19.0
46.0 125.0 79.0 1.0 31.0
92.0 101.0 121.0 117.0 47.0
40.0 124.0 112.0 17.0 99.0
50.0 85.0 115.0 103.0 29.0


Iteration 21:-83:0-4-3:1-2-0

64.0 109.0 62.0 18.0 12.0
122.0 32.0 4.0 5.0 77.0
75.0 23.0 94.0 35.0 88.0
16.0 114.0 84.0 25.0 55.0
90.0 37.0 71.0 98.0 107.0

14.0 120.0 110.0 27.0 44.0
61.0 54.0 66.0 105.0 20.0
28.0 118.0 34.0 10.0 89.0
53.0 26.0 24.0 6.0 21.0
78.0 41.0 22.0 104.0 70.0

57.0 45.0 15.0 80.0 33.0
100.0 56.0 39.0 86.0 81.0
76.0 113.0 68.0 49.0 9.0
43.0 65.0 91.0 59.0 73.0
63.0 36.0 102.0 108.0 3.0

60.0 30.0 52.0 97.0 2.0
119.0 48.0 38.0 69.0 106.0
95.0 13.0 8.0 7.0 82.0
72.0 42.0 51.0 83.0 67.0
111.0 74.0 116.0 123.0 58.0

87.0 11.0 96.0 93.0 19.0
46.0 125.0 79.0 1.0 31.0
92.0 101.0 121.0 117.0 47.0
40.0 124.0 112.0 17.0 99.0
50.0 85.0 115.0 103.0 29.0


Iteration 22:-82:0-4-4:1-2-3

64.0 109.0 62.0 18.0 12.0
122.0 32.0 4.0 5.0 77.0
75.0 23.0 94.0 35.0 88.0
16.0 114.0 84.0 25.0 55.0
90.0 37.0 71.0 98.0 10.0

14.0 120.0 110.0 27.0 44.0
61.0 54.0 66.0 105.0 20.0
28.0 118.0 34.0 107.0 89.0
53.0 26.0 24.0 6.0 21.0
78.0 41.0 22.0 104.0 70.0

57.0 45.0 15.0 80.0 33.0
100.0 56.0 39.0 86.0 81.0
76.0 113.0 68.0 49.0 9.0
43.0 65.0 91.0 59.0 73.0
63.0 36.0 102.0 108.0 3.0

60.0 30.0 52.0 97.0 2.0
119.0 48.0 38.0 69.0 106.0
95.0 13.0 8.0 7.0 82.0
72.0 42.0 51.0 83.0 67.0
111.0 74.0 116.0 123.0 58.0

87.0 11.0 96.0 93.0 19.0
46.0 125.0 79.0 1.0 31.0
92.0 101.0 121.0 117.0 47.0
40.0 124.0 112.0 17.0 99.0
50.0 85.0 115.0 103.0 29.0


Iteration 23:-81:0-3-3:4-4-2

64.0 109.0 62.0 18.0 12.0
122.0 32.0 4.0 5.0 77.0
75.0 23.0 94.0 35.0 88.0
16.0 114.0 84.0 115.0 55.0
90.0 37.0 71.0 98.0 10.0

14.0 120.0 110.0 27.0 44.0
61.0 54.0 66.0 105.0 20.0
28.0 118.0 34.0 107.0 89.0
53.0 26.0 24.0 6.0 21.0
78.0 41.0 22.0 104.0 70.0

57.0 45.0 15.0 80.0 33.0
100.0 56.0 39.0 86.0 81.0
76.0 113.0 68.0 49.0 9.0
43.0 65.0 91.0 59.0 73.0
63.0 36.0 102.0 108.0 3.0

60.0 30.0 52.0 97.0 2.0
119.0 48.0 38.0 69.0 106.0
95.0 13.0 8.0 7.0 82.0
72.0 42.0 51.0 83.0 67.0
111.0 74.0 116.0 123.0 58.0

87.0 11.0 96.0 93.0 19.0
46.0 125.0 79.0 1.0 31.0
92.0 101.0 121.0 117.0 47.0
40.0 124.0 112.0 17.0 99.0
50.0 85.0 25.0 103.0 29.0


Iteration 24:-80:1-1-0:1-3-0

64.0 109.0 62.0 18.0 12.0
122.0 32.0 4.0 5.0 77.0
75.0 23.0 94.0 35.0 88.0
16.0 114.0 84.0 115.0 55.0
90.0 37.0 71.0 98.0 10.0

14.0 120.0 110.0 27.0 44.0
53.0 54.0 66.0 105.0 20.0
28.0 118.0 34.0 107.0 89.0
61.0 26.0 24.0 6.0 21.0
78.0 41.0 22.0 104.0 70.0

57.0 45.0 15.0 80.0 33.0
100.0 56.0 39.0 86.0 81.0
76.0 113.0 68.0 49.0 9.0
43.0 65.0 91.0 59.0 73.0
63.0 36.0 102.0 108.0 3.0

60.0 30.0 52.0 97.0 2.0
119.0 48.0 38.0 69.0 106.0
95.0 13.0 8.0 7.0 82.0
72.0 42.0 51.0 83.0 67.0
111.0 74.0 116.0 123.0 58.0

87.0 11.0 96.0 93.0 19.0
46.0 125.0 79.0 1.0 31.0
92.0 101.0 121.0 117.0 47.0
40.0 124.0 112.0 17.0 99.0
50.0 85.0 25.0 103.0 29.0


Iteration 25:-79:1-1-2:3-2-2

64.0 109.0 62.0 18.0 12.0
122.0 32.0 4.0 5.0 77.0
75.0 23.0 94.0 35.0 88.0
16.0 114.0 84.0 115.0 55.0
90.0 37.0 71.0 98.0 10.0

14.0 120.0 110.0 27.0 44.0
53.0 54.0 8.0 105.0 20.0
28.0 118.0 34.0 107.0 89.0
61.0 26.0 24.0 6.0 21.0
78.0 41.0 22.0 104.0 70.0

57.0 45.0 15.0 80.0 33.0
100.0 56.0 39.0 86.0 81.0
76.0 113.0 68.0 49.0 9.0
43.0 65.0 91.0 59.0 73.0
63.0 36.0 102.0 108.0 3.0

60.0 30.0 52.0 97.0 2.0
119.0 48.0 38.0 69.0 106.0
95.0 13.0 66.0 7.0 82.0
72.0 42.0 51.0 83.0 67.0
111.0 74.0 116.0 123.0 58.0

87.0 11.0 96.0 93.0 19.0
46.0 125.0 79.0 1.0 31.0
92.0 101.0 121.0 117.0 47.0
40.0 124.0 112.0 17.0 99.0
50.0 85.0 25.0 103.0 29.0


Iteration 26:-78:1-2-2:3-4-0

64.0 109.0 62.0 18.0 12.0
122.0 32.0 4.0 5.0 77.0
75.0 23.0 94.0 35.0 88.0
16.0 114.0 84.0 115.0 55.0
90.0 37.0 71.0 98.0 10.0

14.0 120.0 110.0 27.0 44.0
53.0 54.0 8.0 105.0 20.0
28.0 118.0 111.0 107.0 89.0
61.0 26.0 24.0 6.0 21.0
78.0 41.0 22.0 104.0 70.0

57.0 45.0 15.0 80.0 33.0
100.0 56.0 39.0 86.0 81.0
76.0 113.0 68.0 49.0 9.0
43.0 65.0 91.0 59.0 73.0
63.0 36.0 102.0 108.0 3.0

60.0 30.0 52.0 97.0 2.0
119.0 48.0 38.0 69.0 106.0
95.0 13.0 66.0 7.0 82.0
72.0 42.0 51.0 83.0 67.0
34.0 74.0 116.0 123.0 58.0

87.0 11.0 96.0 93.0 19.0
46.0 125.0 79.0 1.0 31.0
92.0 101.0 121.0 117.0 47.0
40.0 124.0 112.0 17.0 99.0
50.0 85.0 25.0 103.0 29.0


Iteration 27:-77:1-2-2:2-4-3

64.0 109.0 62.0 18.0 12.0
122.0 32.0 4.0 5.0 77.0
75.0 23.0 94.0 35.0 88.0
16.0 114.0 84.0 115.0 55.0
90.0 37.0 71.0 98.0 10.0

14.0 120.0 110.0 27.0 44.0
53.0 54.0 8.0 105.0 20.0
28.0 118.0 108.0 107.0 89.0
61.0 26.0 24.0 6.0 21.0
78.0 41.0 22.0 104.0 70.0

57.0 45.0 15.0 80.0 33.0
100.0 56.0 39.0 86.0 81.0
76.0 113.0 68.0 49.0 9.0
43.0 65.0 91.0 59.0 73.0
63.0 36.0 102.0 111.0 3.0

60.0 30.0 52.0 97.0 2.0
119.0 48.0 38.0 69.0 106.0
95.0 13.0 66.0 7.0 82.0
72.0 42.0 51.0 83.0 67.0
34.0 74.0 116.0 123.0 58.0

87.0 11.0 96.0 93.0 19.0
46.0 125.0 79.0 1.0 31.0
92.0 101.0 121.0 117.0 47.0
40.0 124.0 112.0 17.0 99.0
50.0 85.0 25.0 103.0 29.0


Iteration 28:-76:1-2-2:3-4-2

64.0 109.0 62.0 18.0 12.0
122.0 32.0 4.0 5.0 77.0
75.0 23.0 94.0 35.0 88.0
16.0 114.0 84.0 115.0 55.0
90.0 37.0 71.0 98.0 10.0

14.0 120.0 110.0 27.0 44.0
53.0 54.0 8.0 105.0 20.0
28.0 118.0 116.0 107.0 89.0
61.0 26.0 24.0 6.0 21.0
78.0 41.0 22.0 104.0 70.0

57.0 45.0 15.0 80.0 33.0
100.0 56.0 39.0 86.0 81.0
76.0 113.0 68.0 49.0 9.0
43.0 65.0 91.0 59.0 73.0
63.0 36.0 102.0 111.0 3.0

60.0 30.0 52.0 97.0 2.0
119.0 48.0 38.0 69.0 106.0
95.0 13.0 66.0 7.0 82.0
72.0 42.0 51.0 83.0 67.0
34.0 74.0 108.0 123.0 58.0

87.0 11.0 96.0 93.0 19.0
46.0 125.0 79.0 1.0 31.0
92.0 101.0 121.0 117.0 47.0
40.0 124.0 112.0 17.0 99.0
50.0 85.0 25.0 103.0 29.0


Iteration 29:-75:1-1-2:2-3-0

64.0 109.0 62.0 18.0 12.0
122.0 32.0 4.0 5.0 77.0
75.0 23.0 94.0 35.0 88.0
16.0 114.0 84.0 115.0 55.0
90.0 37.0 71.0 98.0 10.0

14.0 120.0 110.0 27.0 44.0
53.0 54.0 43.0 105.0 20.0
28.0 118.0 116.0 107.0 89.0
61.0 26.0 24.0 6.0 21.0
78.0 41.0 22.0 104.0 70.0

57.0 45.0 15.0 80.0 33.0
100.0 56.0 39.0 86.0 81.0
76.0 113.0 68.0 49.0 9.0
8.0 65.0 91.0 59.0 73.0
63.0 36.0 102.0 111.0 3.0

60.0 30.0 52.0 97.0 2.0
119.0 48.0 38.0 69.0 106.0
95.0 13.0 66.0 7.0 82.0
72.0 42.0 51.0 83.0 67.0
34.0 74.0 108.0 123.0 58.0

87.0 11.0 96.0 93.0 19.0
46.0 125.0 79.0 1.0 31.0
92.0 101.0 121.0 117.0 47.0
40.0 124.0 112.0 17.0 99.0
50.0 85.0 25.0 103.0 29.0


Iteration 30:-74:1-4-3:1-4-4

64.0 109.0 62.0 18.0 12.0
122.0 32.0 4.0 5.0 77.0
75.0 23.0 94.0 35.0 88.0
16.0 114.0 84.0 115.0 55.0
90.0 37.0 71.0 98.0 10.0

14.0 120.0 110.0 27.0 44.0
53.0 54.0 43.0 105.0 20.0
28.0 118.0 116.0 107.0 89.0
61.0 26.0 24.0 6.0 21.0
78.0 41.0 22.0 70.0 104.0

57.0 45.0 15.0 80.0 33.0
100.0 56.0 39.0 86.0 81.0
76.0 113.0 68.0 49.0 9.0
8.0 65.0 91.0 59.0 73.0
63.0 36.0 102.0 111.0 3.0

60.0 30.0 52.0 97.0 2.0
119.0 48.0 38.0 69.0 106.0
95.0 13.0 66.0 7.0 82.0
72.0 42.0 51.0 83.0 67.0
34.0 74.0 108.0 123.0 58.0

87.0 11.0 96.0 93.0 19.0
46.0 125.0 79.0 1.0 31.0
92.0 101.0 121.0 117.0 47.0
40.0 124.0 112.0 17.0 99.0
50.0 85.0 25.0 103.0 29.0


Iteration 31:-73:2-3-3:3-4-3

64.0 109.0 62.0 18.0 12.0
122.0 32.0 4.0 5.0 77.0
75.0 23.0 94.0 35.0 88.0
16.0 114.0 84.0 115.0 55.0
90.0 37.0 71.0 98.0 10.0

14.0 120.0 110.0 27.0 44.0
53.0 54.0 43.0 105.0 20.0
28.0 118.0 116.0 107.0 89.0
61.0 26.0 24.0 6.0 21.0
78.0 41.0 22.0 70.0 104.0

57.0 45.0 15.0 80.0 33.0
100.0 56.0 39.0 86.0 81.0
76.0 113.0 68.0 49.0 9.0
8.0 65.0 91.0 123.0 73.0
63.0 36.0 102.0 111.0 3.0

60.0 30.0 52.0 97.0 2.0
119.0 48.0 38.0 69.0 106.0
95.0 13.0 66.0 7.0 82.0
72.0 42.0 51.0 83.0 67.0
34.0 74.0 108.0 59.0 58.0

87.0 11.0 96.0 93.0 19.0
46.0 125.0 79.0 1.0 31.0
92.0 101.0 121.0 117.0 47.0
40.0 124.0 112.0 17.0 99.0
50.0 85.0 25.0 103.0 29.0


Iteration 32:-72:3-1-0:4-4-4

64.0 109.0 62.0 18.0 12.0
122.0 32.0 4.0 5.0 77.0
75.0 23.0 94.0 35.0 88.0
16.0 114.0 84.0 115.0 55.0
90.0 37.0 71.0 98.0 10.0

14.0 120.0 110.0 27.0 44.0
53.0 54.0 43.0 105.0 20.0
28.0 118.0 116.0 107.0 89.0
61.0 26.0 24.0 6.0 21.0
78.0 41.0 22.0 70.0 104.0

57.0 45.0 15.0 80.0 33.0
100.0 56.0 39.0 86.0 81.0
76.0 113.0 68.0 49.0 9.0
8.0 65.0 91.0 123.0 73.0
63.0 36.0 102.0 111.0 3.0

60.0 30.0 52.0 97.0 2.0
29.0 48.0 38.0 69.0 106.0
95.0 13.0 66.0 7.0 82.0
72.0 42.0 51.0 83.0 67.0
34.0 74.0 108.0 59.0 58.0

87.0 11.0 96.0 93.0 19.0
46.0 125.0 79.0 1.0 31.0
92.0 101.0 121.0 117.0 47.0
40.0 124.0 112.0 17.0 99.0
50.0 85.0 25.0 103.0 119.0


Iteration 33:-71:4-1-2:4-3-2

64.0 109.0 62.0 18.0 12.0
122.0 32.0 4.0 5.0 77.0
75.0 23.0 94.0 35.0 88.0
16.0 114.0 84.0 115.0 55.0
90.0 37.0 71.0 98.0 10.0

14.0 120.0 110.0 27.0 44.0
53.0 54.0 43.0 105.0 20.0
28.0 118.0 116.0 107.0 89.0
61.0 26.0 24.0 6.0 21.0
78.0 41.0 22.0 70.0 104.0

57.0 45.0 15.0 80.0 33.0
100.0 56.0 39.0 86.0 81.0
76.0 113.0 68.0 49.0 9.0
8.0 65.0 91.0 123.0 73.0
63.0 36.0 102.0 111.0 3.0

60.0 30.0 52.0 97.0 2.0
29.0 48.0 38.0 69.0 106.0
95.0 13.0 66.0 7.0 82.0
72.0 42.0 51.0 83.0 67.0
34.0 74.0 108.0 59.0 58.0

87.0 11.0 96.0 93.0 19.0
46.0 125.0 112.0 1.0 31.0
92.0 101.0 121.0 117.0 47.0
40.0 124.0 79.0 17.0 99.0
50.0 85.0 25.0 103.0 119.0


